0.000823987
0.82244
0.322291
0.326675
0.106986
0.108698
0.317649
0.630587
0.418881
0.92659
0.548935
0.846041
0.678107
0.786249
0.826873
0.945783
0.779421
0.711721
0.0767716
0.345516
0.707165
0.626002
0.155732
0.873416
0.569917
0.605874
0.0686961
0.0603216
0.90804
0.0134562
0.726078
0.526015
0.634866
0.515002
0.482467
0.706806
0.729424
0.599793
0.529873
0.413932
0.802042
0.984329
0.961377
0.044495
0.96374
0.193051
0.769314
0.160464
0.203748
0.488463
0.309097
0.866721
0.386052
0.692023
0.864672
0.618783
0.179791
0.123862
0.90838
0.47211
0.0151371
0.348011
0.990648
0.799628
0.943686
0.233957
0.326013
0.276557
0.0714332
0.893804
0.84115
0.000202776
0.0251983
0.714206
0.454273
0.470595
0.455714
0.533939
0.777664
0.203826
0.166494
0.470712
0.251881
0.248908
0.198618
0.275943
0.756447
0.770261
0.844727
0.697878
0.350248
0.190162
0.585455
0.810826
0.927687
0.0252246
0.812634
0.0373936
0.488282
0.00329594
0.437286
0.826174
0.289762
0.0215283
0.224398
0.36288
0.487032
0.499745
0.800801
0.0123597
0.0222748
0.961074
0.623633
0.282393
0.990536
0.429293
0.165943
0.0394488
0.329175
0.897698
0.415824
0.0204919
0.281525
0.417873
0.64079
0.268675
0.976437
0.744191
0.00018311
0.199857
0.0630997
0.966753
0.75549
0.740874
0.929275
0.0826373
0.32851
0.0171374
0.192159
0.420333
0.676477
0.49308
0.147939
0.834714
0.884338
0.16702
0.909272
0.0352069
0.30854
0.501968
0.853219
0.2247
0.852871
0.287489
0.0567851
0.845167
0.92341
0.998336
0.658666
0.170501
0.0216309
0.743469
0.306233
0.507559
0.772506
0.211696
0.037055
0.741526
0.620887
0.860719
0.984216
0.753911
0.948084
0.748484
0.494563
0.369723
0.536803
0.313584
0.464327
0.903503
0.562056
0.531735
0.438229
0.775161
0.696233
0.547048
0.821389
0.684661
0.706732
0.695843
0.386009
0.81696
0.0870352
0.48684
0.659592
0.393468
0.62467
0.501714
0.968455
0.880372
0.476134
0.594831
0.343798
0.29331
0.420765
0.486482
0.831344
0.353742
0.349928
0.783165
0.0997257
0.826368
0.233427
0.434638
0.622677
0.299069
0.849729
0.701881
0.414026
0.530293
0.664288
0.75533
0.0284617
0.0570005
0.16099
0.248996
0.868689
0.230546
0.596032
0.741801
0.754833
0.386256
0.409372
0.391725
0.99985
0.597679
0.639929
0.793458
0.305858
0.990221
0.868531
0.75754
0.982364
0.569763
0.119437
0.996603
0.4747
0.701134
0.75068
0.791052
0.696675
0.273944
0.771568
0.925935
0.0115761
0.689675
0.552006
0.401512
0.434983
0.964342
0.702484
0.0989039
0.575129
0.803778
0.361887
0.408029
0.29575
0.431892
0.767718
0.235737
0.317265
0.300808
0.218842
0.352567
0.343048
0.7801
0.324461
0.479781
0.518642
0.592098
0.687896
0.00149303
0.933698
0.129442
0.622709
0.0955295
0.79181
0.482433
0.287463
0.736749
0.750198
0.670872
0.0583602
0.75561
0.00176276
0.425048
0.755673
0.281147
0.94237
0.566241
0.826087
0.602753
0.344595
0.0068024
0.83659
0.238264
0.49748
0.029152
0.87694
0.460945
0.215425
0.835195
0.159603
0.480486
0.0495811
0.071937
0.734433
0.718384
0.752854
0.350829
0.619876
0.94879
0.778307
0.5067
0.313821
0.213333
0.126752
0.407259
0.314872
0.49643
0.160996
0.524203
0.679465
0.77349
0.227307
0.851292
0.601577
0.707588
0.16166
0.730063
0.370749
0.0614629
0.176853
0.804632
0.389299
0.435841
0.907763
0.783687
0.319211
0.842816
0.976244
0.348378
0.574197
0.355977
0.789276
0.269141
0.31824
0.260386
0.949827
0.258808
0.245249
0.392119
0.217688
0.00871633
0.96569
0.797941
0.950284
0.0359739
0.957349
0.512797
0.302471
0.591236
0.47264
0.174538
0.134077
0.199164
0.156666
0.798474
0.90252
0.786332
0.164765
0.851494
0.448975
0.638839
0.610289
0.739162
0.891347
0.938298
0.838541
0.429354
0.290217
0.655918
0.343669
0.302992
0.704844
0.953672
0.103248
0.44502
0.529245
0.211436
0.831292
0.895009
0.460576
0.245063
0.049161
0.695158
0.393595
0.544515
0.259822
0.0635683
0.949886
0.717697
0.523134
0.0574741
0.919386
0.739384
0.0599418
0.521389
0.423542
0.0197755
0.0018024
0.727198
0.347981
0.316456
0.336757
0.194414
0.814513
0.127325
0.584739
0.156384
0.110096
0.901482
0.432338
0.0879919
0.909727
0.2989
0.898039
0.648545
0.124663
0.818543
0.89156
0.631916
0.593143
0.258743
0.98021
0.285375
0.726233
0.313108
0.402959
0.275437
0.551408
0.523423
0.987116
0.509688
0.615928
0.180498
0.346953
0.487203
0.257241
0.802219
0.629387
0.632293
0.60106
0.177827
0.4955
0.685947
0.596309
0.391111
0.386023
0.992155
0.725414
0.0699902
0.389302
0.341853
0.917374
0.370327
0.893404
0.714498
0.53145
0.275507
0.60414
0.576739
0.115167
0.0604511
0.814742
0.998243
0.75176
0.747728
0.345928
0.824439
0.0764413
0.722801
0.0653488
0.707996
0.206234
0.0905825
0.0234182
0.877085
0.743487
0.192676
0.782707
0.309409
0.0159951
0.203431
0.201405
0.607826
0.440809
0.634132
0.153704
0.0231915
0.307348
0.101057
0.926825
0.660118
0.64847
0.963804
0.895558
0.757129
0.779985
0.428357
0.691361
0.54099
0.431499
0.859244
0.844056
0.0897625
0.776151
0.885643
0.216269
0.395321
0.463033
0.593061
0.0573376
0.858251
0.029862
0.781114
0.828997
0.0166579
0.696489
0.307697
0.0292075
0.552418
0.036842
0.159755
0.23194
0.0933715
0.465544
0.732954
0.505212
0.503938
0.444216
0.586459
0.672445
0.587872
0.692158
0.688282
0.123949
0.189257
0.42791
0.901061
0.793225
0.783897
0.814348
0.606141
0.367028
0.278116
0.697745
0.911462
0.566103
0.767158
0.334354
0.623757
0.689467
0.601132
0.395616
0.644478
0.861648
0.472451
0.619823
0.136076
0.348813
0.413294
0.508414
0.282155
0.510875
0.860104
0.350372
0.942717
0.370096
0.630651
0.228827
0.789033
0.418931
0.448217
0.0616314
0.754589
0.93494
0.658675
0.253643
0.859541
0.319883
0.337993
0.322903
0.0682507
0.15203
0.744991
0.479705
0.590536
0.705369
0.254907
0.61924
0.715543
0.996288
0.0858863
0.210702
0.679153
0.330422
0.41946
0.598596
0.891827
0.929709
0.80392
0.942954
0.783277
0.690786
0.522175
0.988879
0.472772
0.512669
0.114214
0.770759
0.399261
0.278319
0.90506
0.57405
0.553405
0.616884
0.683648
0.578818
0.283024
0.592453
0.606222
0.130212
0.889736
0.415515
0.117803
0.837164
0.602548
0.301331
0.145329
0.864323
0.400012
0.647603
0.968176
0.586944
0.948994
0.25272
0.340443
0.360847
0.892239
0.334478
0.846421
0.482413
0.391987
0.470237
0.861351
0.125993
0.345322
0.771582
0.527179
0.145269
0.882773
0.130337
0.922249
0.629007
0.551055
0.707678
0.00628557
0.941986
0.27038
0.14745
0.139841
0.806713
0.181619
0.787156
0.637073
0.486542
0.4376
0.167788
0.646237
0.861767
0.404035
0.722781
0.286411
0.742936
0.499734
0.355422
0.656287
0.750276
0.887802
0.754999
0.944742
0.684361
0.194751
0.505861
0.177067
0.711667
0.632276
0.257096
0.158136
0.844219
0.0297366
0.0857313
0.878674
0.168899
0.0487396
0.785514
0.16544
0.314449
0.403225
0.26189
0.66514
0.374509
0.755649
0.779596
0.640872
0.694211
0.800537
0.973278
0.871869
0.120495
0.428958
0.955093
0.794482
0.854271
0.218299
0.295912
0.497789
0.407139
0.589719
0.924816
0.164559
0.633091
0.163685
0.422886
0.746543
0.12704
0.962482
0.155996
0.729341
0.593219
0.776249
0.903937
0.764467
0.384968
0.71247
0.954639
0.870181
0.750083
0.801984
0.157044
0.341272
0.562486
0.0897237
0.470791
0.636799
0.154323
0.91508
0.25928
0.0988114
0.592862
0.633389
0.609019
0.375616
0.899433
0.814661
0.400122
0.294206
0.918567
0.662575
0.0967804
0.46838
0.0407084
0.0192095
0.091918
0.582449
0.410318
0.384215
0.414099
0.714252
0.415135
0.712057
0.974086
0.532351
0.438392
0.117391
0.646033
0.1303
0.865251
0.570913
0.636694
0.01345
0.720595
0.81688
0.127147
0.212369
0.456047
0.524155
0.976924
0.091939
0.417145
0.995486
0.897037
0.897895
0.486134
0.358601
0.818212
0.132383
0.740914
0.80661
0.446952
0.501955
0.35169
0.138882
0.929409
0.532536
0.599775
0.560904
0.957802
0.606191
0.619366
0.13604
0.64475
0.0320126
0.485078
0.0339155
0.316805
0.848604
0.78353
0.157183
0.40514
0.407385
0.90686
0.162147
0.405631
0.962394
0.0931402
0.446754
0.554356
0.0999017
0.774307
0.610965
0.278792
0.246066
0.814632
0.590058
0.620311
0.527693
0.2229
0.990582
0.90321
0.1928
0.647817
0.272827
0.788106
0.996785
0.0409966
0.163016
0.0723055
0.833158
0.778809
0.150031
0.00111563
0.733798
0.645132
0.608467
0.458995
0.87286
0.958214
0.772282
0.318947
0.643889
0.937061
0.890815
0.727397
0.0905396
0.881746
0.68379
0.482127
0.480402
0.497717
0.590769
0.812374
0.34942
0.0770568
0.561416
0.618715
0.57709
0.0650643
0.190735
0.824893
0.39245
0.164737
0.375336
0.787949
0.642097
0.335014
0.471049
0.336461
0.489061
0.604387
0.309187
0.302257
0.182832
0.922376
0.561583
0.207676
0.59667
0.705962
0.37577
0.318556
0.0489002
0.687262
0.694306
0.93855
0.64426
0.159757
0.0345593
0.325088
0.547711
0.876935
0.978769
0.407499
0.0846151
0.51084
0.31521
0.0495689
0.743901
0.871005
0.337308
0.436839
0.0628589
0.666909
0.587138
0.408684
0.0149553
0.0312893
0.581833
0.99198
0.485254
0.453425
0.0014179
0.267152
0.74286
0.719255
0.275785
0.492048
0.0734975
0.957119
0.890473
0.897896
0.109315
0.845441
0.882402
0.447333
0.612796
0.469843
0.857235
0.0771781
0.285899
0.577419
0.045802
0.116333
0.77039
0.190784
0.587941
0.510992
0.0227602
0.148037
0.594437
0.569929
0.525414
0.0740336
0.579221
0.393723
0.990868
0.505278
0.369037
0.658548
0.692256
0.878697
0.212432
0.0313832
0.809977
0.814469
0.366728
0.707856
0.394128
0.959553
0.811898
